10.32523532523216
8.250856399536133
6.979950904846191
5.946540355682373
5.001575469970703
3.812469005584717
2.99106764793396
2.212977170944214
1.8933134078979492
1.6598451137542725
1.5695942640304565
1.4815688133239746
1.462010145187378
1.4381582736968994
1.4023349285125732
1.3969134092330933
1.40335214138031
1.395182728767395
1.3972846269607544
1.392869234085083
1.3766003847122192
1.3862208127975464
1.3890588283538818
1.380882978439331
1.4028379917144775
1.3943209648132324
1.3854831457138062
1.3841588497161865
1.385640025138855


=================== RUN 2 =============


7.467519283294678
6.208014488220215
4.916838645935059
3.7928738594055176
2.714726448059082
1.9951119422912598
1.6492493152618408
1.5296353101730347
1.4781957864761353
1.4268536567687988
1.402044653892517
1.4029326438903809
1.3887126445770264

======================= RUN 3 ==========
10.105775833129883
8.665304183959961


=========Run 4 ===================
9.871902465820312
9.21371078491211
8.399528503417969
7.674477577209473
7.2027788162231445
6.90923547744751
6.6107177734375
6.352687835693359
6.013645648956299
5.670493125915527
5.393758296966553
4.891780376434326
4.15894889831543
3.8966054916381836
3.350104331970215
3.0923752784729004
2.6803464889526367
2.548757314682007
2.238445281982422
1.9517860412597656
1.8818061351776123
1.7221143245697021
1.7272233963012695
1.6277263164520264
1.5280178785324097
1.519083023071289
1.4777944087982178
1.453371286392212
1.4268510341644287
1.4182469844818115
1.4182850122451782
1.3994346857070923
1.4179025888442993
1.3938676118850708
1.4202635288238525
1.38396418094635
1.3843382596969604
1.3849629163742065
1.3810017108917236
1.3801600933074951
1.3822345733642578
1.3797777891159058
1.3787568807601929
1.3860523700714111
1.3826613426208496
1.3781964778900146
1.3733725547790527
1.3739261627197266
1.3725112676620483
1.374868392944336
1.3751983642578125
1.379429578781128
1.3734676837921143
1.372960090637207
1.3777395486831665
1.3735828399658203
1.3741519451141357
1.3702232837677002
1.3737975358963013
1.3746426105499268
1.3739252090454102
1.3788604736328125
1.3733422756195068
1.3700501918792725
1.371596097946167
1.3708635568618774
1.3727830648422241
1.3723095655441284
1.3686110973358154
1.371961236000061
1.3690930604934692
1.3669023513793945
1.37247896194458
1.37104332447052
1.3704538345336914
1.371491551399231
